1.7347234759768056e-16 0.0
0.00141361015025928 0.1
0.0028236061560764684 0.2
0.004226395472562727 0.30000000000000004
0.005618417476816314 0.4
0.006996152441653011 0.5
0.00835613024434842 0.6000000000000001
0.00969493878780989 0.7000000000000001
0.011009232114391844 0.8
0.012295738195465996 0.9
0.013551266382835409 1.0
0.014772714511084754 1.1
0.01595707564295247 1.2000000000000002
0.0171014444527596 1.3
0.018203023245768744 1.4000000000000001
0.019259127614067128 1.5
0.020267191732094392 1.6
0.02122477329726669 1.7000000000000002
0.022129558123214155 1.8
0.02297936439495697 1.9000000000000001
0.023772146596831748 2.0
0.02450599912515953 2.1
0.025179159598479554 2.2
0.025790011878662974 2.3000000000000003
0.026337088816364467 2.4000000000000004
0.026819074734068696 2.5
0.02723480765945112 2.6
0.027583281320924285 2.7
0.02786364691609726 2.8000000000000003
0.028075214662465837 2.9000000000000004
0.028217455138013454 3.0
0.028290000417571348 3.1
0.028292645008803293 3.2
0.0282253465895965 3.3000000000000003
0.02808822654649431 3.4000000000000004
0.02788157031165066 3.5
0.027605827493668626 3.6
0.027261611795652414 3.7
0.026849700711894204 3.8000000000000003
0.02637103499287405 3.9000000000000004
0.02582671786671837 4.0
0.025218014003943953 4.1000000000000005
0.024546348211257268 4.2
0.023813303839385083 4.3
0.023020620889357617 4.4
0.022170193801418086 4.5
0.021264068910666838 4.6000000000000005
0.020304441553781045 4.7
0.019293652811558818 4.800000000000001
0.01823418587275037 4.9
0.017128662005731314 5.0
0.01597983612637819 5.1000000000000005
0.01479059195388551 5.2
0.013563936753047064 5.300000000000001
0.012302995676373083 5.4
0.01101100575412366 5.5
0.009691309667440647 5.6000000000000005
0.008347349680034897 5.7
0.006982662856186241 5.800000000000001
0.005600881511449497 5.9
0.004205756658626002 6.0
0.0028013305730642257 6.1000000000000005
0.0013975314435827665 6.2
0.0023800689558048337 6.300000000000001
0.0037862434118629278 6.4
0.005184972435987609 6.5
0.0065723951349179206 6.6000000000000005
0.007945126918215027 6.7
0.009299904726153812 6.800000000000001
0.01063353901805235 6.9
0.011942903919011195 7.0
0.013224935748508346 7.1000000000000005
0.01447663415886765 7.2
0.015695064496465044 7.300000000000001
0.016877361062882502 7.4
0.01802073122999222 7.5
0.019122460403106445 7.6000000000000005
0.02017991778630975 7.7
0.021190562841948077 7.800000000000001
0.022151952279333084 7.9
0.023061747369709652 8.0
0.023917721370460582 8.1
0.02471776685041755 8.200000000000001
0.02545990273490687 8.3
0.02614228092705556 8.4
0.02676319240393286 8.5
0.027321072726811464 8.6
0.027814506940206797 8.700000000000001
0.028242233862428464 8.8
0.028603149790630125 8.9
0.028896311656238884 9.0
0.02912093967334688 9.1
0.029276419524501374 9.200000000000001
0.029362304126627797 9.3
0.029378315015804946 9.4
0.029324343384163617 9.5
0.02920045079606448 9.600000000000001
0.029006869604416428 9.700000000000001
0.028744003081906812 9.8
0.02841242527619249 9.9
0.028012880592937533 10.0
0.02754628310603583 10.100000000000001
0.027013715590385557 10.200000000000001
0.026416428269316946 10.3
0.025755837266140683 10.4
0.02503352274728268 10.5
0.024251226743255628 10.600000000000001
0.023410850633261916 10.700000000000001
0.02251445227978654 10.8
0.021564242801511598 10.9
0.020562582976886824 11.0
0.019511979278061736 11.100000000000001
0.01841507954804681 11.200000000000001
0.017274668357794593 11.3
0.0160936621242832 11.4
0.014875104157226112 11.5
0.013622159980030139 11.600000000000001
0.012338113661865113 11.700000000000001
0.011026366829861477 11.8
0.009690444485888345 11.9
0.008334019116843646 12.0
0.006960990961075665 12.100000000000001
0.005575785557243173 12.200000000000001
0.00418495557545566 12.3
0.0028268397001997136 12.4
0.003372529145367866 12.5
0.004757596813300757 12.600000000000001
0.006146731280384739 12.700000000000001
0.007527455830612008 12.8
0.00889495958400383 12.9
0.010245513368997159 13.0
0.011575718957817538 13.100000000000001
0.01288233530187411 13.200000000000001
0.014162225081895935 13.3
0.01541233642965696 13.4
0.01662969731516708 13.5
0.017811415266980046 13.600000000000001
0.018954679668996024 13.700000000000001
0.020056765474941955 13.8
0.021115037797390872 13.9
0.022126957079844196 14.0
0.02309008466584693 14.100000000000001
0.024002088623475883 14.200000000000001
0.024860749703189123 14.3
0.025663967318011315 14.4
0.02640976544456725 14.5
0.02709629835444951 14.600000000000001
0.02772185609828828 14.700000000000001
0.028284869679279727 14.8
0.028783915867873808 14.9
0.029217721623799525 15.0
0.029585168104805985 15.100000000000001
0.029885294252795715 15.200000000000001
0.030117299957124512 15.3
0.030280548801586805 15.4
0.030374570406166736 15.5
0.030399062377176447 15.600000000000001
0.030353891880249645 15.700000000000001
0.030239096850164755 15.8
0.03005488684992712 15.9
0.029801643589301933 16.0
0.0294799211103553 16.1
0.029090445644696275 16.2
0.028634115144381328 16.3
0.028111998485930385 16.400000000000002
0.027525334344878985 16.5
0.02687552973701073 16.6
0.026164158222035577 16.7
0.025392957766646594 16.8
0.024563828266999346 16.900000000000002
0.023678828736810938 17.0
0.022740174178367708 17.1
0.021750232172422685 17.2
0.020711519255019493 17.3
0.01962669720471007 17.400000000000002
0.018498569462021833 17.5
0.017330078084644766 17.6
0.016124301991915634 17.7
0.014884457964961845 17.8
0.013613907417153442 17.900000000000002
0.012316175589287137 18.0
0.010994999269637441 18.1
0.009654447007223503 18.2
0.008299253754109967 18.3
0.006935957129132949 18.400000000000002
0.005578504632433119 18.5
0.004313184059926576 18.6
0.004475739312471276 18.7
0.005773052148944471 18.8
0.007131745123155126 18.900000000000002
0.00849316420905438 19.0
0.00984579645667261 19.1
0.011183937089091123 19.200000000000003
0.01250339022617739 19.3
0.01380052911595005 19.400000000000002
0.015072005977140477 19.5
0.016314643347374463 19.6
0.017525388823530698 19.700000000000003
0.018701295588280126 19.8
0.01983951468769337 19.900000000000002
0.0209372931700558 20.0
0.02199197537295166 20.1
0.023001006003783523 20.200000000000003
0.023961934282645977 20.3
0.02487241872011413 20.400000000000002
0.02573023225826748 20.5
0.026533267587803482 20.6
0.027279542503220077 20.700000000000003
0.02796720518951685 20.8
0.028594539356111535 20.900000000000002
0.02915996915106358 21.0
0.02966206380341302 21.1
0.03009954195400977 21.200000000000003
0.03047127564626509 21.3
0.03077629395773672 21.400000000000002
0.03101378626123064 21.5
0.031183105110441298 21.6
0.0312837687498531 21.700000000000003
0.03131546325195142 21.8
0.03127804428683806 21.900000000000002
0.03117153853031091 22.0
0.030996144716634897 22.1
0.03075223434167474 22.200000000000003
0.03044035202129409 22.3
0.03006121550893085 22.400000000000002
0.02961571537547629 22.5
0.029104914354351533 22.6
0.02853004635526492 22.700000000000003
0.027892515152171622 22.8
0.027193892755136936 22.900000000000002
0.02643591748320961 23.0
0.025620491767858813 23.1
0.024749679736654217 23.200000000000003
0.023825704659702542 23.3
0.022850946394833857 23.400000000000002
0.02182793905654396 23.5
0.020759369285729114 23.6
0.019648075764801532 23.700000000000003
0.018497051112607545 23.8
0.017309448231369276 23.900000000000002
0.016088595071563166 24.0
0.014838025856485085 24.1
0.013561546285303337 24.200000000000003
0.012263374493573263 24.3
0.01094846978654821 24.400000000000002
0.009623400579232595 24.5
0.008299127256505614 24.6
0.007003223011962159 24.700000000000003
0.0058715691813588195 24.8
0.005798474554112705 24.900000000000002
0.006892105252278447 25.0
0.008180502264465319 25.1
0.009501476632175243 25.200000000000003
0.010824747203196542 25.3
0.012139092700173083 25.400000000000002
0.013438136232458995 25.5
0.014717219774425598 25.6
0.015972447202962484 25.700000000000003
0.0172003244566592 25.8
0.01839760482844758 25.900000000000002
0.019561216498020784 26.0
0.0206882270203605 26.1
0.02177582595062044 26.200000000000003
0.02282131701505502 26.3
0.023822115595467725 26.400000000000002
0.024775749300581594 26.5
0.025679860381797547 26.6
0.02653220926022579 26.700000000000003
0.027330678708703576 26.8
0.028073278390085794 26.900000000000002
0.02875814954719398 27.0
0.0293835696990454 27.1
0.02994795723726327 27.200000000000003
0.03044987584428047 27.3
0.030888038675273673 27.400000000000002
0.031261312261302625 27.5
0.031568720103396536 27.6
0.03180944593682568 27.700000000000003
0.031982836652338184 27.8
0.032088404866958645 27.900000000000002
0.032125831141183954 28.0
0.03209496584259848 28.1
0.03199583065805813 28.200000000000003
0.0318286197580567 28.3
0.03159370061792226 28.400000000000002
0.031291614501387684 28.5
0.030923076613244 28.6
0.03048897592949652 28.700000000000003
0.029990374716485434 28.8
0.029428507755273548 28.900000000000002
0.028804781295393215 29.0
0.028120771774444494 29.1
0.027378224359095576 29.200000000000003
0.02657905139281382 29.3
0.02572533088213917 29.400000000000002
0.02481930522668134 29.5
0.023863380516309637 29.6
0.022860126913693785 29.700000000000003
0.021812280970120404 29.8
0.02072275129949782 29.900000000000002
0.019594630084157426 30.0
0.01843121487835182 30.1
0.017236049161169845 30.200000000000003
0.01601299856894165 30.3
0.014766399147497875 30.400000000000002
0.013501362578331703 30.5
0.01222445948203127 30.6
0.010945441372576793 30.700000000000003
0.00968236689188905 30.8
0.008480874020759248 30.900000000000002
0.007508766284322489 31.0
0.007349645197131682 31.1
0.008178766292326474 31.200000000000003
0.00934247027871715 31.3
0.0105920901119102 31.400000000000002
0.011865452514421932 31.5
0.013140563953415237 31.6
0.014406615272227264 31.700000000000003
0.015656825087188544 31.8
0.016886163694679004 31.900000000000002
0.018090482683037454 32.0
0.01926613519912592 32.1
0.0204097938624669 32.2
0.02151835751191749 32.300000000000004
0.022588901459722355 32.4
0.023618650572230296 32.5
0.024604965013386212 32.6
0.025545333334578892 32.7
0.02643736997607368 32.800000000000004
0.0272788154803609 32.9
0.0280675383891435 33.0
0.02880153817616253 33.1
0.029478948792666743 33.2
0.030098042539804373 33.300000000000004
0.030657234069691886 33.4
0.03115508437492273 33.5
0.03159030466586138 33.6
0.031961760063199146 33.7
0.032268473053728194 33.800000000000004
0.0325096266726397 33.9
0.03268456738703043 34.0
0.032792807664137516 34.1
0.0328340282146051 34.2
0.03280807990614062 34.300000000000004
0.03271498534710582 34.4
0.03255494014309702 34.5
0.03232831383264624 34.6
0.032035650511655286 34.7
0.03167766916042218 34.800000000000004
0.031255263692596603 34.9
0.0307695027535351 35.0
0.030221629307134297 35.1
0.029613060067467868 35.2
0.028945384857186104 35.300000000000004
0.02822036601309275 35.4
0.027439938017597313 35.5
0.02660620762430356 35.6
0.02572145488609056 35.7
0.024788135717421146 35.800000000000004
0.023808886988206393 35.9
0.02278653576103622 36.0
0.02172411535057523 36.1
0.02062489280634452 36.2
0.019492416031862192 36.300000000000004
0.018330595879510966 36.4
0.017143853442649536 36.5
0.015937395989980414 36.6
0.014717765252475421 36.7
0.013494014753495393 36.800000000000004
0.012280503981616895 36.9
0.011104411902188045 37.0
0.010028879873283629 37.1
0.009226135303377158 37.2
0.00906486283644901 37.300000000000004
0.009666389348599907 37.4
0.010663464194922093 37.5
0.011807028374046988 37.6
0.01300529358718221 37.7
0.014221942630643915 37.800000000000004
0.015439440047563336 37.9
0.016647577726510595 38.0
0.017839434885966645 38.1
0.019009749362978518 38.2
0.02015418413929972 38.300000000000004
0.021268967014213557 38.400000000000006
0.022350701379107087 38.5
0.023396261828893566 38.6
0.02440273463724873 38.7
0.025367383258285872 38.800000000000004
0.026287628419660067 38.900000000000006
0.0271610370351465 39.0
0.027985316599916158 39.1
0.028758313062042 39.2
0.029478010919819206 39.300000000000004
0.0301425347402561 39.400000000000006
0.030750151565835236 39.5
0.03129927384746983 39.6
0.03178846265265779 39.7
0.03221643097192261 39.800000000000004
0.03258204699761217 39.900000000000006
0.03288433728508242 40.0
0.03312248973224526 40.1
0.03329585633261982 40.2
0.033403955671441596 40.300000000000004
0.033446475145498616 40.400000000000006
0.0334232728961991 40.5
0.033334379452753256 40.6
0.03317999908897201 40.7
0.03296051090373605 40.800000000000004
0.032676469642388274 40.900000000000006
0.03232860628512324 41.0
0.0319178284397402 41.1
0.03144522059187805 41.2
0.03091204428773976 41.300000000000004
0.030319738355732782 41.400000000000006
0.02966991931939733 41.5
0.0289643822215117 41.6
0.02820510218047276 41.7
0.02739423715405985 41.800000000000004
0.026534132624554316 41.900000000000006
0.02562732929715509 42.0
0.024676575516914937 42.1
0.02368484713121699 42.2
0.022655379279632303 42.300000000000004
0.02159171771240894 42.400000000000006
0.020497803002004215 42.5
0.019378112135508878 42.6
0.018237904535245895 42.7
0.017083667931644005 42.800000000000004
0.015923969884805975 42.900000000000006
0.014771189753416247 43.0
0.013645303059675868 43.1
0.012582742527214722 43.2
0.011657575262513192 43.300000000000004
0.011021663009925502 43.400000000000006
0.010896231057595037 43.5
0.011343045300494396 43.6
0.012168301616394546 43.7
0.013180582390822692 43.800000000000004
0.01427950481430217 43.900000000000006
0.015417158106602552 44.0
0.0165687516219597 44.1
0.01771984319582783 44.2
0.018860990415214392 44.300000000000004
0.01998537376015565 44.400000000000006
0.021087659698642316 44.5
0.022163418755281217 44.6
0.023208810066017656 44.7
0.02422040226379035 44.800000000000004
0.025195068072241113 44.900000000000006
0.026129920694030043 45.0
0.02702227488329478 45.1
0.02786962310786174 45.2
0.02866962120268233 45.300000000000004
0.029420080128960392 45.400000000000006
0.030118961724762 45.5
0.03076437708784595 45.6
0.03135458669376853 45.7
0.03188800164339305 45.800000000000004
0.03236318562255544 45.900000000000006
0.03277885728173778 46.0
0.03313389282874557 46.1
0.0334273286869135 46.2
0.03365836411367276 46.300000000000004
0.03382636370520677 46.400000000000006
0.03393085973623305 46.5
0.033971554301802924 46.6
0.03394832124238033 46.7
0.03386120784589112 46.800000000000004
0.033710436331702474 46.900000000000006
0.03349640513294534 47.0
0.03321969000632721 47.1
0.03288104501403542 47.2
0.0324814034419402 47.300000000000004
0.03202187874487848 47.400000000000006
0.03150376564650135 47.5
0.030928541572766984 47.6
0.030297868672634617 47.7
0.029613596787959506 47.800000000000004
0.02887776789551513 47.900000000000006
0.028092622786736014 48.0
0.02726061112358735 48.1
0.026384406593470508 48.2
0.025466929823317358 48.300000000000004
0.024511383253646823 48.400000000000006
0.023521304775963058 48.5
0.02250065146765853 48.6
0.02145393290942179 48.7
0.02038642876375113 48.800000000000004
0.019304554700176144 48.900000000000006
0.01821649986909776 49.0
0.017133382039683055 49.1
0.016071426638613835 49.2
0.015056208564062824 49.300000000000004
0.014130868234940702 49.400000000000006
0.01337006504974863 49.5
0.012891167791209615 49.6
0.012818224158600665 49.7
0.013174068128263697 49.800000000000004
0.01385365208826262 49.900000000000006
0.014729314433662374 50.0
0.015713387035188393 50.1
0.016754868050072796 50.2
0.017824180047816482 50.300000000000004
0.01890316277312697 50.400000000000006
0.019979805324677642 50.5
0.02104555201250708 50.6
0.022093889655886025 50.7
0.023119577003948084 50.800000000000004
0.024118207016200165 50.900000000000006
0.025085948906654575 51.0
0.02601939131319618 51.1
0.02691544455582344 51.2
0.02777127862333855 51.300000000000004
0.028584283425825155 51.400000000000006
0.029352043289702118 51.5
0.030072320764407533 51.6
0.03074304662372779 51.7
0.031362314039948665 51.800000000000004
0.03192837558861887 51.900000000000006
0.03243964217396638 52.0
0.032894683246659076 52.1
0.033292227873688955 52.2
0.03363116634806594 52.300000000000004
0.033910552115398465 52.400000000000006
0.034129603858135654 52.5
0.03428770762458148 52.6
0.03438441892470898 52.7
0.03441946474194091 52.800000000000004
0.03439274543193268 52.900000000000006
0.03430433649855895 53.0
0.03415449025504984 53.1
0.03394363739642907 53.2
0.033672388529703744 53.300000000000004
0.033341535732668744 53.400000000000006
0.032952054243289335 53.5
0.03250510442289861 53.6
0.0320020341929491 53.7
0.031444382223759414 53.800000000000004
0.03083388226593869 53.900000000000006
0.030172469177046524 54.0
0.029462287433658092 54.1
0.02870570327363605 54.2
0.02790532215124527 54.300000000000004
0.02706401401898003 54.400000000000006
0.026184950260327744 54.5
0.025271658206553617 54.6
0.0243281026411333 54.7
0.0233588095399533 54.800000000000004
0.02236905736620736 54.900000000000006
0.021365178968709552 55.0
0.020355048864588617 55.1
0.019348887725182208 55.2
0.018360615834676717 55.300000000000004
0.017410144592367203 55.400000000000006
0.016527151714380326 55.5
0.01575659896020539 55.6
0.015163786144356844 55.7
0.014828980039005485 55.800000000000004
0.01481558544995439 55.900000000000006
0.015125348116313086 56.0
0.01569678305447802 56.1
0.016449275239256107 56.2
0.017316487173521414 56.300000000000004
0.018252711552468767 56.400000000000006
0.019227949893506926 56.5
0.020222269226294765 56.6
0.02122190065144653 56.7
0.02221686435072065 56.800000000000004
0.023199566029914905 56.900000000000006
0.024163962750135826 57.0
0.025105057778389454 57.1
0.02601858770908903 57.2
0.026900824345780994 57.300000000000004
0.027748446774387727 57.400000000000006
0.028558457440933334 57.5
0.029328126470157822 57.6
0.030054954499694503 57.7
0.03073664788429755 57.800000000000004
0.03137110229716191 57.900000000000006
0.03195639210413934 58.0
0.032490763742965514 58.1
0.03297263189490509 58.2
0.033400577603626885 58.300000000000004
0.03377334774440331 58.400000000000006
0.03408985541781306 58.5
0.03434918096220339 58.6
0.03455057336556009 58.7
0.03469345192097211 58.800000000000004
0.03477740801775968 58.900000000000006
0.03480220699815813 59.0
0.03476779004045538 59.1
0.03467427605678083 59.2
0.03452196361964372 59.300000000000004
0.034311332958100446 59.400000000000006
0.03404304809446896 59.5
0.03371795922859046 59.6
0.03333710552246144 59.7
0.03290171849816133 59.800000000000004
0.03241322634369019 59.900000000000006
0.031873259533955936 60.0
0.03128365833249721 60.1
0.030646482965693292 60.2
0.02996402758832923 60.300000000000004
0.029238839639589963 60.400000000000006
0.028473746904028912 60.5
0.027671895672720045 60.6
0.02683680505729924 60.7
0.025972445087612758 60.800000000000004
0.025083350285500433 60.900000000000006
0.024174786871941398 61.0
0.02325300209449696 61.1
0.022325600536119018 61.2
0.021402117365307352 61.300000000000004
0.02049489345033047 61.400000000000006
0.019620392984345644 61.5
0.01880109207760408 61.6
0.018067838823254086 61.7
0.017461721017917625 61.800000000000004
0.01703245663342664 61.900000000000006
0.016828341025122154 62.0
0.016877041565829223 62.1
0.017170316388498752 62.2
0.017668837924315794 62.300000000000004
0.018321670308862108 62.400000000000006
0.019082254426599023 62.5
0.019914224748994715 62.6
0.02079094108264486 62.7
0.021693148260759847 62.800000000000004
0.02260674168368422 62.900000000000006
0.023521112608410336 63.0
0.024428025498645672 63.1
0.025320878793899892 63.2
0.02619422066253997 63.300000000000004
0.02704342991509731 63.400000000000006
0.027864503550573454 63.5
0.028653913668843893 63.6
0.029408510073796745 63.7
0.03012545341021 63.800000000000004
0.03080216900782109 63.900000000000006
0.031436314966125894 64.0
0.03202576015685406 64.10000000000001
0.0325685692079554 64.2
0.03306299244426021 64.3
0.03350745936841661 64.4
0.033900574678804876 64.5
0.03424111610583787 64.60000000000001
0.0345280335484383 64.7
0.03476044913523585 64.8
0.03493765793948414 64.9
0.03505912915453784 65.0
0.03512450759681232 65.10000000000001
0.03513361545081125 65.2
0.0350864542114815 65.3
0.03498320681510592 65.4
0.034824239985203745 65.5
0.03461010685671973 65.60000000000001
0.03434154998364729 65.7
0.03401950488537176 65.8
0.03364510435056458 65.9
0.0332196838004147 66.0
0.032744788123841496 66.10000000000001
0.03222218054876687 66.2
0.03165385432310069 66.3
0.03104204827256006 66.4
0.030389267718748284 66.5
0.029698312836323508 66.60000000000001
0.028972317388494054 66.7
0.028214802031380104 66.8
0.02742974820754181 66.9
0.026621701324399883 67.0
0.025795915797609884 67.10000000000001
0.02495856005648988 67.2
0.024117007055180776 67.3
0.02328024472836384 67.4
0.022459448043571556 67.5
0.021668749266172644 67.60000000000001
0.02092619717274328 67.7
0.020254745245222437 67.8
0.01968274936632908 67.9
0.01924284544517663 68.0
0.018967633194797974 68.10000000000001
0.018881657889903425 68.2
0.01899276290940207 68.3
0.019288837099075824 68.4
0.019742730732488573 68.5
0.020321283445771467 68.60000000000001
0.020992672995330017 68.7
0.021729918747870242 68.8
0.022511501640164508 68.9
0.023320660330497713 69.0
0.024144356761937057 69.10000000000001
0.024972332398586435 69.2
0.025796368392023667 69.3
0.026609741916449187 69.4
0.02740683783572342 69.5
0.02818287431254706 69.60000000000001
0.028933709317919096 69.7
0.029655703887626658 69.8
0.0303456251185174 69.9
0.031000577103003028 70.0
0.03161795163647442 70.10000000000001
0.032195393028575485 70.2
0.032730773054795534 70.3
0.0332221732526617 70.4
0.03366787257179944 70.5
0.034066338946608765 70.60000000000001
0.03441622375419079 70.7
0.03471635840007091 70.8
0.034965752476692424 70.9
0.035163593088003216 71.0
0.03530924504458143 71.10000000000001
0.035402251718663534 71.2
0.03544233641573862 71.3
0.03542940417480872 71.4
0.03536354395739923 71.5
0.035245031230086106 71.60000000000001
0.035074330989905644 71.7
0.03485210132969018 71.8
0.03457919769523341 71.9
0.034256678052420796 72.0
0.033885809265390414 72.10000000000001
0.03346807509434892 72.2
0.03300518636294411 72.3
0.03249909403441799 72.4
0.03195200619115246 72.5
0.03136641025968838 72.60000000000001
0.030745102298261502 72.7
0.03009122581341657 72.8
0.029408323457930773 72.9
0.02870040615803941 73.0
0.027972045797133117 73.10000000000001
0.027228499580316524 73.2
0.0264758765113272 73.3
0.025721358532797264 73.4
0.024973489382675754 73.5
0.0242425396355467 73.60000000000001
0.0235409392571087 73.7
0.02288372525426406 73.8
0.022288860723405454 73.9
0.021777127477730324 74.0
0.02137111504182984 74.10000000000001
0.02109280424925906 74.2
0.020959714125311894 74.3
0.02098068481053625 74.4
0.021153352703188782 74.5
0.02146487015405961 74.60000000000001
0.0218954168532312 74.7
0.022422500974133338 74.8
0.023024284570960354 74.9
0.023681368491420184 75.0
0.02437734864715665 75.10000000000001
0.02509868021267762 75.2
0.025834261470129145 75.3
0.02657496617268496 75.4
0.027313223671608475 75.5
0.028042676426411936 75.60000000000001
0.028757913759480502 75.7
0.02945427004502932 75.8
0.03012767374227529 75.9
0.03077453521133583 76.0
0.031391663622466225 76.10000000000001
0.03197620553264062 76.2
0.03252559956827591 76.3
0.03303754309345207 76.4
0.033509967820870304 76.5
0.033941022117536926 76.60000000000001
0.03432905833974244 76.7
0.03467262395889271 76.80000000000001
0.03497045555435754 76.9
0.03522147498301951 77.0
0.03542478721022479 77.10000000000001
0.035579679420217586 77.2
0.03568562112764384 77.30000000000001
0.03574226509388352 77.4
0.03574944891979978 77.5
0.03570719724486779 77.60000000000001
0.03561572453550326 77.7
0.03547543849697097 77.80000000000001
0.03528694419621545 77.9
0.03505104904166784 78.0
0.03476876883373653 78.10000000000001
0.034441335181782544 78.2
0.034070204684925255 78.30000000000001
0.03365707040304711 78.4
0.03320387630945775 78.5
0.03271283562955022 78.60000000000001
0.032186454244517194 78.7
0.031627560691275626 78.80000000000001
0.031039344735055808 78.9
0.03042540703990922 79.0
0.029789823105994352 79.10000000000001
0.029137225327703332 79.2
0.028472907599786303 79.30000000000001
0.02780295700252121 79.4
0.0271344159799799 79.5
0.02647547463495539 79.60000000000001
0.025835683717358785 79.7
0.025226160533897708 79.80000000000001
0.024659727366647118 79.9
0.024150872458264187 80.0
0.023715366344336675 80.10000000000001
0.02336933852371291 80.2
0.0231276964910411 80.30000000000001
0.023002026892104756 80.4
0.022998513048094405 80.5
0.023116664380380673 80.60000000000001
0.023349447127719622 80.7
0.02368475649521163 80.80000000000001
0.024107567202921787 80.9
0.02460198096451197 81.0
0.025152699752284745 81.10000000000001
0.025745841172590208 81.2
0.0263692402915837 81.30000000000001
0.027012436070733527 81.4
0.027666502888958947 81.5
0.028323829055965734 81.60000000000001
0.0289778966027866 81.7
0.029623086255470957 81.80000000000001
0.030254514834806116 81.9
0.03086790432703845 82.0
0.03145947866709249 82.10000000000001
0.032025883463815394 82.2
0.03256412414707134 82.30000000000001
0.03307151865345891 82.4
0.03354566147595655 82.5
0.033984396551017676 82.60000000000001
0.0343857970030081 82.7
0.0347481502067438 82.80000000000001
0.03506994697749219 82.9
0.03534987396995933 83.0
0.03558680858025034 83.10000000000001
0.03577981581073902 83.2
0.035928146688619475 83.30000000000001
0.03603123793373544 83.4
0.036088712656676514 83.5
0.036100381939850726 83.60000000000001
0.036066247216981984 83.7
0.03598650342359968 83.80000000000001
0.035861542946141516 83.9
0.03569196045354409 84.0
0.03547855875541342 84.10000000000001
0.03522235589848499 84.2
0.03492459379191466 84.30000000000001
0.034586748745491364 84.4
0.03421054441794013 84.5
0.03379796780919841 84.60000000000001
0.03335128909563618 84.7
0.03287308630191618 84.80000000000001
0.0323662760264679 84.9
0.03183415167615746 85.0
0.031280430888360085 85.10000000000001
0.030709313955677612 85.2
0.030125554984373817 85.30000000000001
0.029534546959535356 85.4
0.028942420420148305 85.5
0.028356152347235094 85.60000000000001
0.027783676068588725 85.7
0.02723397312214698 85.80000000000001
0.02671711291367279 85.9
0.026244186028639763 86.0
0.025827056963676487 86.10000000000001
0.025477854805299797 86.2
0.025208148583480566 86.30000000000001
0.02502784055921698 86.4
0.02494395187322008 86.5
0.024959609881440522 86.60000000000001
0.0250735692764959 86.7
0.02528044506269645 86.80000000000001
0.025571571038106655 86.9
0.025936186866266323 87.0
0.02636261588431252 87.10000000000001
0.026839202647492465 87.2
0.02735492976997532 87.30000000000001
0.02789974420321754 87.4
0.028464671068453143 87.5
0.029041795746754664 87.60000000000001
0.02962417709824299 87.7
0.03020573335682673 87.80000000000001
0.030781124859378686 87.9
0.03134564589799414 88.0
0.03189513076413927 88.10000000000001
0.032425875066026164 88.2
0.03293457142295174 88.30000000000001
0.03341825781519592 88.4
0.03387427665708211 88.5
0.03430024274807442 88.60000000000001
0.03469401846945714 88.7
0.0350536948415705 88.80000000000001
0.03537757729597427 88.9
0.03566417523065157 89.0
0.035912194599147185 89.10000000000001
0.036120532937697784 89.2
0.0362882763618637 89.30000000000001
0.0364146981699704 89.4
0.03649925877940785 89.5
0.036541606797686144 89.60000000000001
0.03654158109621506 89.7
0.036499213814552574 89.80000000000001
0.03641473427875013 89.9
0.03628857387255187 90.0
0.036121371955973695 90.10000000000001
0.03591398298569984 90.2
0.035667485057010895 90.30000000000001
0.035383190160271256 90.4
0.035062656527817246 90.5
0.03470770354036895 90.60000000000001
0.03432042976494435 90.7
0.0339032348045852 90.80000000000001
0.033458845743753976 90.9
0.03299034905113397 91.0
0.03250122881452328 91.10000000000001
0.031995412061428904 91.2
0.03147732154620708 91.30000000000001
0.0309519355723283 91.4
0.03042485287742704 91.5
0.029902357934436245 91.60000000000001
0.029391477712818068 91.7
0.028900014538358224 91.80000000000001
0.028436531131185792 91.9
0.028010254281975407 92.0
0.02763085631769615 92.10000000000001
0.027308075193587553 92.2
0.027051154098251585 92.30000000000001
0.026868127225122232 92.4
0.026765045471488787 92.5
0.02674529910898245 92.60000000000001
0.026809212970944376 92.7
0.026954033996483565 92.80000000000001
0.027174315173361097 92.9
0.027462581762711533 93.0
0.02781010481285544 93.10000000000001
0.02820762122307483 93.2
0.02864590168815719 93.30000000000001
0.029116136255110354 93.4
0.029610155088178478 93.5
0.03012052372970634 93.60000000000001
0.03064055464017215 93.7
0.03116426965383806 93.80000000000001
0.03168633819224268 93.9
0.03220200724608753 94.0
0.032707032478805846 94.10000000000001
0.03319761530730144 94.2
0.033670348014568884 94.30000000000001
0.03412216733105162 94.4
0.03455031606482799 94.5
0.03495231196500632 94.60000000000001
0.03532592287095923 94.7
0.035669147209375175 94.80000000000001
0.03598019897923375 94.9
0.036257496470888925 95.0
0.03649965407709611 95.10000000000001
0.03670547666064928 95.2
0.03687395604041326 95.30000000000001
0.037004269244458425 95.4
0.037095778255368694 95.5
0.037148031041268036 95.60000000000001
0.0371607637274889 95.7
0.03713390382059103 95.80000000000001
0.03706757445006254 95.9
0.03696209964590202 96.0
0.03681801072306972 96.10000000000001
0.03663605389927977 96.2
0.03641719933108532 96.30000000000001
0.03616265181616917 96.4
0.03587386347732103 96.5
0.035552548814076546 96.60000000000001
0.03520070257877611 96.7
0.0348206209959715 96.80000000000001
0.03441492688404364 96.9
0.033986599229183734 97.0
0.03353900766147848 97.10000000000001
0.03307595201979132 97.2
0.03260170665820545 97.30000000000001
0.03212106817955422 97.4
0.031639403659980574 97.5
0.031162693879312704 97.60000000000001
0.030697562330389918 97.7
0.030251275743647332 97.80000000000001
0.029831695909714954 97.9
0.02944715708214045 98.0
0.02910624113954465 98.10000000000001
0.028817428672670852 98.2
0.02858862346111713 98.30000000000001
0.02842658259386248 98.4
0.02833632853867723 98.5
0.028320655112472323 98.60000000000001
0.02837984315240326 98.7
0.028511660397563747 98.80000000000001
0.028711645204448518 98.9
0.028973598923642613 99.0
0.029290170722853257 99.10000000000001
0.02965342281694916 99.2
0.030055300021744162 99.30000000000001
0.03048797180706598 99.4
0.030944049890506642 99.5
0.03141670367882816 99.60000000000001
0.03189970175379996 99.7
0.03238740538263475 99.80000000000001
0.032874734430283395 99.9
